651795
652657
654878
655560
667539
667541
667550
667697
667775
668493
668509
668512
671171
671172
671173
671224
671225
671226
671227
671296
671350
671353
671354
671355
671363
671399
671400
671401
671402
671403
671404
671424
671505
671573
671592
671593
671744
671745
671750
671837
671839
671860
671861
671862
671949
671950
672481
672496
672543
672573
672580
673894
679126
679146
679160
679172
679208
679213
679227
679228
679387
679393
679411
679413
679434
679798
679801
679856
679864
679871
679882
679883
679889
679890
679944
679945
679947
680083
680085
680114
680118
680322
680346
680372
680374
680387
680691
680701
680702
680762
680763
680783
680784
680811
680812
680813
680814
680831
680836
680889
680927
680987
681021
681022
681095
681155
681224
681232
681234
681243
681247
682406
682407
682419
682444
683230
683231
683255
683260
683261
683265
683282
683294
683500
683564
683565
683588
683622
683623
683842
683843
683844
683894
684060
684061
684071
688687
688688
688690
688694
688703
688704
688705
688707
688710
688714
688715
688717
688731
688732
688733
688734
688735
688736
689026
689080
689090
689097
689098
689104
689134
689183
689255
689283
689298
689305
689339
689347
690012
693294
693295
693296
693297
693299
693319
693340
694213
694396
694430
694613
694614
694619
694620
694621
694622
694624
694625
694626
694650
694655
694656
695130
695145
695328
695376
695377
695386
695396
695443
695549
695550
695709
695857
695858
695859
695860
695861
695870
695872
695876
695877
695970
696057
696070
696074
696536
696594
697414
697432
697452
697505
697506
697508
697568
699356
699465
699466
699598
699653
699655
699656
699657
699660
699671
699862
699869
699876
699880
699881
699882
700001
700019
700062
700757
700849
701069
701070
701102
701103
701104
701187
701228
701260
701262
702122
702187
702196
702693
702718
702797
702969
703010
703014
703032
703033
703054
703102
703107
703181
703191
703250
703372
703373
703952
703955
703956
703959
703980
704022
704039
704052
704053
704071
704072
704073
704074
704089
704091
704160
704187
704226
704276
704300
704303
704374
704369
704371
704389
704392
704393
704396
704415
704416
704449
704491
704492
704493
704498
704504
704511
704512
704521
704612
704721
704724
704725
704726
704768
704770
704901
704902
704905
704906
704911
704913
704915
704917
704920
704944
704947
704948
704950
704955
704956
704957
704958
704959
704960
704967
704968
704970
704971
704972
704973
704974
704978
704979
705074
705078
705079
705080
705138
705165
705166
705168
705169
705172
705173
705174
705175
705178
705182
705185
705191
705192
705207
705208
705209
705210
705211
705212
705213
705214
705264
705248
705251
705255
705283
705310
705359
705360
705361
705373
705374
705380
705381
705391
705515
705517
705519
705520
705521
705522
705524
705526
705546
705580
705582
705583
705585
705869
706026
706190
706191
706193
706202
706205
706211
706212
706326
707283
707284
707297
707298
707299
707432
707434
707437
707438
707477
707504
707506
707507
707508
707509
707510
707511
707512
707513
707514
707518
707521
707528
707529
707530
707532
707533
707534
707535
707542
707543
707544
707545
707546
707547
707548
707549
707550
707551
707552
707553
707554
707555
707556
707557
707558
707559
707560
707561
707562
707565
707566
707567
707568
707569
707570
707571
707572
707573
707574
707575
707576
707577
707578
707579
707580
707581
707582
707583
707584
707585
707587
707588
707589
707592
707593
707594
707595
707596
707597
707598
707599
707600
707601
707602
707603
707604
707607
707609
707695
707768
707899
707896
707897
707898
707900
707901
707902
707903
707904
707905
707906
707907
707908
707911
707915
707916
707917
707918
707962
707970
707971
707972
707973
707974
707975
707976
707977
707978
707979
707980
707981
707988
707989
707990
707992
707993
707994
707995
708004
708041
708042
708043
708044
708045
708046
708047
708048
708049
708050
708051
708052
708056
708060
708061
708062
708072
708073
708074
708077
708089
708092
708418
708422
708430
708431
708439
708440
708441
708465
708468
708472
708473
708474
708477
708482
708483
708484
708523
708524
708525
708526
708527
708528
708532
708583
708584
708587
708588
708603
708604
708605
708606
708608
708625
708626
708627
708628
708629
708630
708631
708648
708652
708655
708656
708678
708679
708680
708681
708682
708683
708684
708685
708686
708687
708688
708905
708906
708907
708941
708942
708944
708945
708947
708948
708949
709023
709024
709026
709028
709029
709030
709031
709032
709035
709047
709048
709049
709050
709051
709052
709071
709072
709089
709091
709181
709182
709183
709184
709185
709187
709188
709189
709190
709191
709192
709193
709194
709195
709197
709198
709222
709227
709229
709230
709231
709232
709298
711235
711236
711238
711239
711622
711828
711965
711966
711967
712013
712055
712361
712362
712363
712364
712365
712528
715413
715414
715415
715416
715417
715418
715420
715437
715438
715439
715442
715540
715581
715590
716001
716107
716108
716109
716259
716279
716280
716281
716282
716283
716284
716285
716297
716298
716299
716302
716303
716304
716324
716376
716397
716398
716400
716440
716490
716493
716494
716495
716496
716497
716498
716499
716501
716502
716504
717416
717429
717430
718708
718768
718773
720406
720407
720408
720409
720410
720413
720414
720415
720416
720802
721070
721199
721260
721384
721620
721655
721810
721862
721868
722001
722028
722082
722109
722111
722112
722113
722114
722115
722119
722120
722207
722334
722335
722347
722348
722353
722354
722373
722374
722375
722407
722484
722944
722943
722942
722948
722946
722949
722951
722950
722955
425159
425609
429408
449390
449396
449400
449401
449402
449431
449432
449450
449518
449583
449627
449655
449690
449752
452091
452102
452108
452364
453385
453411
454304
454306
454307
454308
454311
454312
454329
454333
454334
454335
454336
454337
454338
454339
454340
454346
454350
454351
461004
461007
461008
461187
461188
461189
461190
461191
461192
461193
473572
473642
473655
473674
473678
473679
473684
473697
473835
473838
487965
488273
509064
509302
510279
510280
511297
511525
512163
512165
512306
512316
518809
535294
535314
535315
535323
535325
535327
535329
535331
535336
535338
536771
536780
536783
536786
536787
537021
537140
537881
537886
537890
537891
538011
538103
538106
538221
538298
538430
538541
538543
538564
538565
538566
538568
538633
538636
538698
538699
541081
547646
547649
548553
548556
548598
548600
548640
548681
548716
548782
548789
548805
548817
548827
548855
548872
548874
548902
549677
549995
551257
551419
554296
556545
558176
561459
561719
561747
561850
574091
574771
607464
607466
611973
611997
611999
612001
612002
612005
612077
